正在训练评估CRF模型...
processed 394843 tokens with 20782 phrases; found: 20350 phrases; correct: 19162.
accuracy:  98.07%; precision:  94.16%; recall:  92.20%; FB1:  93.17
              BEL: precision:  92.42%; recall:  93.37%; FB1:  92.89  198
              CLA: precision:  66.88%; recall:  45.34%; FB1:  54.04  160
              COM: precision:  80.00%; recall:  62.50%; FB1:  70.18  50
              CRO: precision:  96.06%; recall:  96.51%; FB1:  96.28  4343
              DIS: precision:  98.07%; recall:  97.74%; FB1:  97.90  2740
             DRUG: precision:  92.87%; recall:  89.06%; FB1:  90.93  2568
              FER: precision:  82.93%; recall:  87.18%; FB1:  85.00  82
              ORG: precision:  72.13%; recall:  66.13%; FB1:  69.00  287
             PART: precision:  90.74%; recall:  87.04%; FB1:  88.85  1695
              PER: precision:  92.03%; recall:  89.00%; FB1:  90.49  2109
              PET: precision:  96.98%; recall:  97.10%; FB1:  97.04  4630
              REA: precision:  94.00%; recall:  92.76%; FB1:  93.38  450
          STRAINS: precision:  88.73%; recall:  82.45%; FB1:  85.48  1038

Confusion Matrix:
         I-PART   B-BEL I-STRAINS  B-DRUG   I-ORG B-STRAINS   I-PET   B-ORG   B-COM   B-FER   I-CLA   I-PER  I-DRUG   B-DIS   I-BEL  B-PART       O   B-PER   I-REA   I-DIS   B-PET   B-CLA   I-FER   B-CRO   I-CRO   B-REA   I-COM 
 I-PART    1722       0       0       0       1       0       0       0       0       0       0       4       1       0       0      44     115       0       0       1       0       0       0       1      26       0       0 
  B-BEL       0     186       0       0       0       0       0       0       0       0       0       0       0       0       2       1       6       0       0       0       1       0       0       0       0       0       0 
I-STRAINS       1       0    3475       0       0       5       2       0       0       0       0       0       5       0       0       1     545       0       0       0       0       0       0       3       8       0       0 
 B-DRUG       0       0       0    2451       0       2       0       0       0       0       1       0      34       0       0       2     167       1       0       0      12       2       0       4       0       2       0 
  I-ORG       0       0       0       0    1974       0       0       9       0       0       0       0       0       0       0       0     508       0       0       0       0       0       0       4       7       0      36 
B-STRAINS       0       0       7       2       0     933       0       0       0       0       0       0       0       0       0       0     170       0       0       0       1       0       0       4       0       0       0 
  I-PET       0       0       8       0       0       0   11581       0       0       0       3       2       4       0       0       0     276       0       0       0      41       0       0       0      23       0       0 
  B-ORG       0       0       0       0      13       0       0     216       3       0       0       0       0       0       0       0      77       0       0       0       0       0       0       3       0       0       1 
  B-COM       0       0       0       0       1       0       0       7      40       0       0       0       0       0       0       0      15       0       0       0       0       0       0       0       0       0       1 
  B-FER       0       0       0       0       0       2       0       0       0      68       0       0       0       0       0       0       8       0       0       0       0       0       0       0       0       0       0 
  I-CLA       6       0       0       1       0       0       4       0       0       1     437       0      19       0      10       1     346       0       6      18       0       2       2       0       5       0       0 
  I-PER       4       0       0       0       0       0      17       0       0       0       0    3272       1       0       0       0     235      39       0       0       0       2       0       0      10       0       0 
 I-DRUG       2       0       7      23       0       0      46       0       0       0      15       1   11955       0       0       0     586       0       8       0       0       2       0       0       4       1       0 
  B-DIS       0       0       0       0       0       0       0       0       0       0       0       0       0    2696       0       0      22       0       0      11       3       0       0      10       0       7       0 
  I-BEL       2       3       0       0       0       0       2       0       0       0       0       0       0       0     433       0      15       0       0       0       0       0       0       0       0       0       0 
 B-PART      21       0       1       1       1       0       1       0       0       0       0       1       2       0       0    1566     141       6       0       3       0       0       0      23       0       0       0 
      O      70       6     391      79     348      92     168      54       7       9     151     141     416      12      13      62  316666      79      37      58      47      32      12      48      50       7      44 
  B-PER       0       0       0       0       0       0       4       0       0       0       0      32       1       0       0       3     143    1978       0       0      10       0       0      10       0       0       0 
  I-REA       0       0       0       0       0       0       0       0       0       0       0       0       6       0       0       0     116       0    1793      36       0       0       0       0       3       0       0 
  I-DIS       0       0       0       0       0       0       5       0       0       0       0       1       0       6       0       0      86       0      23    8692       0       0       0       0      11       1       0 
  B-PET       0       0       1       1       0       2      37       0       0       0       0       1       0       0       0       0      56       1       0       0    4501       1       0      23       0       0       0 
  B-CLA       0       2       0       5       0       0       0       0       0       0       3       0       0       3       0       2      94       1       0       0       2     115       0       6       0       3       0 
  I-FER       0       0       6       0       0       0       0       0       0       4       0       0       0       0       0       0      13       0       0       0       0       0     106       0       0       0       0 
  B-CRO       2       0       2       2       2       1       1       0       0       0       0       0       0      12       0      10      64       2       1       0       9       1       0    4180      34       0       0 
  I-CRO      12       0       4       0       4       1       7       0       0       0       2       2       1       2       0       2      59       0       1      12       2       0       0      21    5352       0       0 
  B-REA       0       0       0       2       0       0       0       0       0       0       0       0       1       8       0       0       8       0       6       0       0       0       0       2       0     429       0 
  I-COM       0       0       0       0      79       0       0       1       0       0       0       0       0       0       0       0     110       0       0       0       0       0       0       1       2       0     398 