正在训练评估HMM模型...
processed 394843 tokens with 20782 phrases; found: 23540 phrases; correct: 14967.
accuracy:  90.66%; precision:  63.58%; recall:  72.02%; FB1:  67.54
              BEL: precision:  46.01%; recall:  61.73%; FB1:  52.72  263
              CLA: precision:  16.63%; recall:  35.17%; FB1:  22.59  499
              COM: precision:  44.23%; recall:  71.88%; FB1:  54.76  104
              CRO: precision:  71.79%; recall:  81.61%; FB1:  76.39  4914
              DIS: precision:  71.81%; recall:  78.57%; FB1:  75.04  3008
             DRUG: precision:  59.36%; recall:  55.15%; FB1:  57.18  2488
              FER: precision:  42.00%; recall:  80.77%; FB1:  55.26  150
              ORG: precision:  14.65%; recall:  40.89%; FB1:  21.57  874
             PART: precision:  67.43%; recall:  64.69%; FB1:  66.03  1695
              PER: precision:  62.63%; recall:  67.63%; FB1:  65.04  2355
              PET: precision:  79.47%; recall:  83.39%; FB1:  81.38  4852
              REA: precision:  29.12%; recall:  51.10%; FB1:  37.10  800
          STRAINS: precision:  42.52%; recall:  58.55%; FB1:  49.27  1538

Confusion Matrix:
         I-PART   B-BEL I-STRAINS  B-DRUG   I-ORG B-STRAINS   I-PET   B-ORG   B-COM   B-FER   I-CLA   I-PER  I-DRUG   B-DIS   I-BEL  B-PART       O   B-PER   I-REA   I-DIS   B-PET   B-CLA   I-FER   B-CRO   I-CRO   B-REA   I-COM
 I-PART    1391       0       3       1       4       3      48       0       0       0      12      30       0       6       5      77     226       3      16      30      14       0       0       1      45       0       0
  B-BEL       1     154       0       0       0       0       1       0       0       0       0       0       0       0      18       0      12       0       0       0       5       1       0       1       0       3       0
I-STRAINS       3       0    3216       1       2      39       5       0       0       0       0       2       3       2       0       1     561       1     152      11       1       0       0      11      32       2       0
 B-DRUG       0       4       0    1805       0       8       0       0       0      13       9       0     138      10       0       4     559       0       2       0      67      17       0      15       2      25       0
  I-ORG       0       0       1       0    2249       0       1      35       0       0       0       0       0       0       0       0     155       0       1       0       0       0       0       5       8       1      82
B-STRAINS       0       0      78       0       2     754       2       0       0       0       0       0       0       4       0       1     236       0       0       1       1       0       0      19       0      19       0
  I-PET       4      16       5       2       0       0   10257       0       0       0       6      19       7       1      32       2     444       6     591      42     289       0       0       1     203      11       0
  B-ORG       0       0       0       0      36       1       0     217       9       0       0       0       0       0       0       0      44       0       0       0       1       0       0       3       0       0       2
  B-COM       0       0       0       0       2       0       0       2      48       0       0       0       0       0       0       0       8       0       0       0       0       0       0       0       0       0       4
  B-FER       0       0       0       0       0       0       0       0       0      69       0       0       0       0       0       0       7       0       0       0       0       0       2       0       0       0       0
  I-CLA       3       1       0       4       3       0      13       0       0       2     443       0      70       1      14       1     248       0       9      16       0       8       7       1      13       1       0
  I-PER      19       0       2       0       0       0      49       0       0       0       0    3034       0       1       1       0     282     151       4       8       4       2       0       0      23       0       0
 I-DRUG      11       9      42     247       0       6     199       0       0       0     108       6   10538       8      27       5    1136       4     204      22       9       9      24       5      21      10       0
  B-DIS       0       0       1       0       0       0       0       0       0       0       1       0       0    2373       0       7      85       0       1     185      12       2       0      40       1      41       0
  I-BEL       0       9       0       0       0       0       8       0       0       0       2       0       0       0     400       0      21       0      14       0       0       0       0       0       1       0       0
 B-PART      42       4       0       0       2       3       8       0       0       0       0      18       1      31       0    1198     330      27      12      10      28       3       0      44       4       2       0
      O     420      44    4646     412    2721     708     670     617      43      61    1482    1021    1985     213      90     345  295643     498    4252     675     313     346     105     585     673     365     166
  B-PER       2       0       0       0       0       2      13       0       0       0       0     106       2       8       2      19     318    1655       2       0      26       0       0      21       4       1       0
  I-REA       2       0       3       0       0       1       0       0       0       0       3       0       5       4       2       2      28       0    1218     666       0       0       0       0       7      13       0
  I-DIS      12       0       2       0       0       0      41       0       0       0       9       1       0      65       0       4     177       1     195    8275       0       0       0       0      42       1       0
  B-PET       0      10       1       3       0       0     107       0       0       0       3       6       2      12       1       3     224       9      14       0    3989       2       0     202       0      36       0
  B-CLA       0       5       0       9       0       0       3       1       0       1       6       0       3       3       0       2      78       0       1       1       5     104       0      11       0       3       0
  I-FER       0       0       6       0       0       3       0       0       0       4       0       0       0       0       0       0       3       0       0       0       0       0     113       0       0       0       0
  B-CRO       2       0       3       4      20       4       3       0       0       0       5       0       0      96       0      22     397       0       0       6      60       5       0    3650      46       0       0
  I-CRO      20       6      10       0      18       6      63       0       0       0      11       0       5      14       6       2     485       0      18     104      28       0       0     291    4395       2       0
  B-REA       0       1       0       0       0       0       0       0       0       0       1       0       1     156       0       0      14       0       8       4       0       0       0       7       0     264       0
  I-COM       0       0       0       0      35       0       0       2       4       0       0       0       0       0       0       0      31       0       0       0       0       0       0       1       2       0     516